Gradient: 11.504097968770312
Curl:     5.473947900194044
Harmonic: 10.464002025823657
