0.202000,0.774759,0.023241
0.241619,0.726634,0.031747
0.187826,0.765870,0.046304
0.222583,0.710052,0.067365
0.192771,0.784212,0.023017
0.266396,0.712662,0.020942
0.255818,0.703019,0.041164
0.201396,0.742477,0.056127
0.216508,0.762169,0.021322
0.210689,0.757560,0.031751
0.254748,0.684288,0.060964
0.246459,0.737625,0.015916
0.284851,0.665947,0.049202
0.267218,0.707675,0.025107
0.238924,0.703480,0.057596
0.184811,0.813587,0.001601
0.216175,0.766365,0.017461
0.217183,0.765927,0.016890
0.216281,0.723789,0.059930
0.134614,0.833869,0.031517
0.186137,0.801891,0.011971
0.204453,0.696849,0.098698
0.244509,0.719578,0.035913
0.209850,0.717172,0.072978
0.243445,0.747283,0.009272
0.200166,0.781193,0.018641
0.191034,0.760754,0.048212
0.232263,0.653822,0.113915
0.164080,0.824386,0.011534
0.184131,0.798548,0.017322
0.225895,0.712603,0.061502
0.238054,0.731260,0.030686
0.196050,0.678425,0.125525
0.243541,0.676638,0.079822
0.211086,0.764000,0.024915
0.217580,0.756357,0.026063
0.178427,0.634754,0.186819
0.217227,0.730640,0.052133
0.164589,0.733286,0.102125
0.202014,0.785650,0.012336
0.255679,0.669214,0.075106
0.195351,0.800660,0.003989
0.257612,0.722723,0.019666
0.194380,0.797105,0.008516
0.194941,0.767455,0.037604
0.195857,0.759591,0.044552
0.220053,0.748273,0.031674
0.216797,0.688960,0.094244
0.236916,0.708538,0.054546
0.180840,0.706080,0.113080
0.215440,0.731265,0.053296
0.160863,0.814082,0.025055
0.253045,0.672570,0.074385
0.160791,0.828611,0.010598
0.204973,0.703180,0.091847
0.225128,0.586957,0.187915
0.211835,0.775359,0.012806
0.207518,0.779804,0.012679
0.271777,0.701811,0.026412
0.323794,0.637905,0.038301
0.176399,0.804560,0.019041
0.230551,0.767634,0.001815
0.175879,0.768507,0.055615
0.215267,0.703199,0.081534
0.202482,0.784735,0.012783
0.113490,0.848612,0.037898
0.218976,0.686678,0.094346
0.172140,0.825119,0.002741
0.248839,0.698573,0.052588
0.157147,0.799693,0.043160
0.311531,0.680745,0.007724
0.236094,0.685007,0.078899
0.215351,0.742171,0.042478
0.192257,0.796027,0.011717
0.208802,0.779258,0.011939
0.197367,0.760070,0.042563
0.167985,0.780395,0.051620
0.161614,0.834771,0.003615
0.179598,0.780027,0.040375
0.225180,0.747711,0.027110
0.296139,0.650289,0.053573
0.176694,0.805924,0.017382
0.172409,0.820964,0.006627
0.184557,0.801076,0.014367
0.193572,0.795055,0.011374
0.211129,0.770092,0.018779
0.178105,0.790064,0.031831
0.184869,0.762971,0.052159
0.213497,0.666926,0.119577
0.200946,0.756481,0.042573
0.189491,0.792259,0.018249
0.230723,0.769031,0.000247
0.250952,0.682302,0.066746
0.264711,0.578395,0.156894
0.164702,0.834544,0.000754
0.223524,0.743217,0.033260
0.179150,0.814591,0.006260
0.178181,0.803514,0.018305
0.205202,0.765460,0.029338
0.177198,0.756499,0.066304
0.189234,0.702134,0.108632
0.264524,0.690518,0.044958
0.221176,0.730431,0.048393
0.172267,0.784165,0.043569
0.215372,0.716338,0.068290
0.156186,0.814117,0.029697
0.239898,0.742668,0.017434
0.182675,0.794544,0.022781
0.147295,0.843875,0.008831
0.244071,0.696293,0.059636
0.222651,0.711145,0.066204
0.225361,0.668588,0.106051
0.248695,0.727046,0.024259
0.217071,0.734602,0.048327
0.238607,0.726406,0.034988
0.190003,0.717120,0.092877
0.172333,0.766277,0.061390
0.243930,0.637073,0.118997
0.194662,0.747960,0.057378
0.185013,0.792781,0.022206
0.174900,0.769405,0.055695
0.264234,0.714184,0.021582
0.152548,0.835728,0.011724
0.170101,0.761913,0.067986
0.189448,0.795614,0.014938
0.255037,0.591947,0.153016
0.191982,0.799078,0.008941
0.236411,0.726005,0.037583
0.358383,0.600215,0.041403
0.202764,0.788106,0.009130
0.182352,0.780142,0.037506
0.203521,0.754114,0.042365
0.272249,0.676444,0.051307
0.174572,0.748881,0.076547
0.213283,0.763879,0.022839
0.157611,0.826096,0.016293
0.216399,0.758184,0.025417
0.155175,0.835160,0.009664
0.179710,0.765038,0.055252
0.206741,0.779417,0.013842
0.188477,0.796166,0.015358
0.167107,0.719147,0.113747
0.179975,0.713380,0.106645
0.221978,0.751432,0.026590
0.178508,0.802580,0.018913
0.214866,0.564554,0.220580
0.129969,0.860684,0.009347
0.262772,0.659257,0.077971
0.224301,0.771261,0.004438
0.151147,0.836247,0.012606
0.211961,0.736521,0.051517
0.246823,0.664327,0.088850
0.281044,0.691699,0.027257
0.178213,0.784099,0.037688
0.231747,0.679661,0.088592
0.220662,0.753914,0.025424
0.246112,0.727068,0.026821
0.217939,0.708227,0.073834
0.210221,0.745821,0.043958
0.181639,0.811423,0.006939
0.158777,0.815852,0.025372
0.278813,0.677171,0.044016
0.170605,0.685864,0.143531
0.168979,0.818336,0.012685
0.141116,0.842135,0.016748
0.149646,0.848557,0.001797
0.178259,0.798240,0.023501
0.326994,0.619411,0.053595
0.225672,0.749933,0.024395
0.207425,0.744371,0.048204
0.198289,0.784720,0.016991
0.215873,0.736493,0.047634
0.266143,0.694174,0.039682
0.244587,0.691355,0.064058
0.152550,0.836875,0.010575
0.149260,0.844114,0.006626
0.199901,0.752179,0.047921
0.171962,0.717707,0.110331
0.160896,0.793264,0.045840
0.188199,0.774471,0.037330
0.210158,0.716746,0.073096
0.183042,0.700094,0.116864
0.231023,0.719994,0.048983
0.237645,0.756411,0.005945
0.238873,0.623703,0.137425
0.195749,0.790140,0.014110
0.180506,0.817019,0.002475
0.217867,0.726383,0.055750
0.222121,0.706283,0.071597
0.204928,0.714877,0.080195
0.283261,0.619347,0.097392
0.255910,0.734787,0.009303
0.181096,0.782885,0.036019
0.200891,0.776598,0.022511
0.181288,0.754497,0.064214
0.184749,0.814326,0.000926
0.185300,0.796084,0.018615
0.243615,0.737413,0.018972
0.193744,0.799914,0.006342
0.196734,0.782257,0.021009
