Gradient: 287.40440912821606  
Curl:     1358.0541851389726
