RANDOMIZING 50-PLAYER GOLF DATA WITH BOOTSTRAP
10.234838	0.765162	0.000000
0.240710	0.759290	0.000000
0.220767	0.779233	0.000000
0.257978	0.742022	0.000000
0.230108	0.769892	0.000000
0.225194	0.774806	0.000000
0.185228	0.814772	0.000000
0.230600	0.769400	0.000000
0.236223	0.763777	0.000000
0.238535	0.761465	0.000000
0.204390	0.795610	0.000000
0.250812	0.749188	0.000000
0.241530	0.758470	0.000000
0.194655	0.805345	0.000000
0.248179	0.751821	0.000000
0.246004	0.753996	0.000000
0.228175	0.771825	0.000000
0.257491	0.742509	0.000000
0.269235	0.730765	0.000000
0.248976	0.751024	0.000000
0.249203	0.750797	0.000000
0.210601	0.789399	0.000000
0.237332	0.762668	0.000000
0.253420	0.746580	0.000000
0.235178	0.764822	0.000000
0.204725	0.795275	0.000000
0.204319	0.795681	0.000000
0.239778	0.760222	0.000000
0.260027	0.739973	0.000000
0.214455	0.785545	0.000000
0.202886	0.797114	0.000000
0.209647	0.790353	0.000000
0.253098	0.746902	0.000000
0.228475	0.771525	0.000000
0.216796	0.783204	0.000000
0.263411	0.736589	0.000000
0.247605	0.752395	0.000000
0.234687	0.765313	0.000000
0.214233	0.785767	0.000000
0.253098	0.746902	0.000000
0.244686	0.755314	0.000000
0.221952	0.778048	0.000000
0.215631	0.784369	0.000000
0.185156	0.814844	0.000000
0.225741	0.774259	0.000000
0.235470	0.764530	0.000000
0.253367	0.746633	0.000000
0.274669	0.725331	0.000000
0.222051	0.777949	0.000000
0.222376	0.777624	0.000000
0.209826	0.790174	0.000000
0.227612	0.772388	0.000000
0.209580	0.790420	0.000000
0.239680	0.760320	0.000000
0.248500	0.751500	0.000000
0.216549	0.783451	0.000000
0.271344	0.728656	0.000000
0.257245	0.742755	0.000000
0.216581	0.783419	0.000000
0.245817	0.754183	0.000000
0.224813	0.775187	0.000000
0.223932	0.776068	0.000000
0.194357	0.805643	0.000000
0.224407	0.775593	0.000000
0.266141	0.733859	0.000000
0.207029	0.792971	0.000000
0.231461	0.768539	0.000000
0.246329	0.753671	0.000000
0.253345	0.746655	0.000000
0.243165	0.756835	0.000000
0.254935	0.745065	0.000000
0.206397	0.793603	0.000000
0.273923	0.726077	0.000000
0.249789	0.750211	0.000000
0.239987	0.760013	0.000000
0.243795	0.756205	0.000000
0.257289	0.742711	0.000000
0.226827	0.773173	0.000000
0.247913	0.752087	0.000000
0.267779	0.732221	0.000000
0.271124	0.728876	0.000000
0.260491	0.739509	0.000000
0.218646	0.781354	0.000000
0.281979	0.718021	0.000000
0.221824	0.778176	0.000000
0.213374	0.786626	0.000000
0.223238	0.776762	0.000000
0.212450	0.787550	0.000000
0.265720	0.734280	0.000000
0.259170	0.740830	0.000000
0.241794	0.758206	0.000000
0.251283	0.748717	0.000000
0.247895	0.752105	0.000000
0.215498	0.784502	0.000000
0.218077	0.781923	0.000000
0.226620	0.773380	0.000000
0.218600	0.781400	0.000000
0.208668	0.791332	0.000000
0.218675	0.781325	0.000000
0.245427	0.754573	0.000000
0.215772	0.784228	0.000000
0.209877	0.790123	0.000000
0.232615	0.767385	0.000000
0.250136	0.749864	0.000000
0.286318	0.713682	0.000000
0.235115	0.764885	0.000000
0.223205	0.776795	0.000000
0.219030	0.780970	0.000000
0.244546	0.755454	0.000000
0.266383	0.733617	0.000000
0.227674	0.772326	0.000000
0.224807	0.775193	0.000000
0.242262	0.757738	0.000000
0.248459	0.751541	0.000000
0.235681	0.764319	0.000000
0.246273	0.753727	0.000000
0.221425	0.778575	0.000000
0.239846	0.760154	0.000000
0.220123	0.779877	0.000000
0.229572	0.770428	0.000000
0.253419	0.746581	0.000000
0.241856	0.758144	0.000000
0.231521	0.768479	0.000000
0.221473	0.778527	0.000000
0.207336	0.792664	0.000000
0.262276	0.737724	0.000000
0.237263	0.762737	0.000000
0.261501	0.738499	0.000000
0.250322	0.749678	0.000000
0.250567	0.749433	0.000000
0.205264	0.794736	0.000000
0.206600	0.793400	0.000000
0.243177	0.756823	0.000000
0.241759	0.758241	0.000000
0.215085	0.784915	0.000000
0.203301	0.796699	0.000000
0.228969	0.771031	0.000000
0.217708	0.782292	0.000000
0.271452	0.728548	0.000000
0.246992	0.753008	0.000000
0.241310	0.758690	0.000000
0.245618	0.754382	0.000000
0.247695	0.752305	0.000000
0.278939	0.721061	0.000000
0.257466	0.742534	0.000000
0.244856	0.755144	0.000000
0.228887	0.771113	0.000000
0.218023	0.781977	0.000000
0.220347	0.779653	0.000000
0.214844	0.785156	0.000000
0.237714	0.762286	0.000000
0.230691	0.769309	0.000000
0.189840	0.810160	0.000000
0.228316	0.771684	0.000000
0.235421	0.764579	0.000000
0.223658	0.776342	0.000000
0.243196	0.756804	0.000000
0.239906	0.760094	0.000000
0.232857	0.767143	0.000000
0.249651	0.750349	0.000000
0.206847	0.793153	0.000000
0.222409	0.777591	0.000000
0.230166	0.769834	0.000000
0.249299	0.750701	0.000000
0.189021	0.810979	0.000000
0.246062	0.753938	0.000000
0.245992	0.754008	0.000000
0.248572	0.751428	0.000000
0.261202	0.738798	0.000000
0.307843	0.692157	0.000000
0.229614	0.770386	0.000000
0.249927	0.750073	0.000000
0.242168	0.757832	0.000000
0.233014	0.766986	0.000000
0.225652	0.774348	0.000000
0.243113	0.756887	0.000000
0.225520	0.774480	0.000000
0.230178	0.769822	0.000000
0.220325	0.779675	0.000000
0.230355	0.769645	0.000000
0.254250	0.745750	0.000000
0.237864	0.762136	0.000000
0.261723	0.738277	0.000000
0.230657	0.769343	0.000000
0.209235	0.790765	0.000000
0.198205	0.801795	0.000000
0.250247	0.749753	0.000000
0.228889	0.771111	0.000000
0.260516	0.739484	0.000000
0.226847	0.773153	0.000000
0.213987	0.786013	0.000000
0.249203	0.750797	0.000000
0.217676	0.782324	0.000000
0.280094	0.719906	0.000000
0.237896	0.762104	0.000000
0.212166	0.787834	0.000000
0.235135	0.764865	0.000000
0.246877	0.753123	0.000000
0.203132	0.796868	0.000000
0.212894	0.787106	0.000000
0.232678	0.767322	0.000000

RANDOMIZING 50-PLAYER GOLF DATA WITH NORMAL
0.258365	0.741635	0.000000
0.208918	0.791082	0.000000
0.236613	0.763387	0.000000
0.254438	0.745562	0.000000
0.224117	0.775883	0.000000
0.254359	0.745641	0.000000
0.235593	0.764407	0.000000
0.203597	0.796403	0.000000
0.247189	0.752811	0.000000
0.260785	0.739215	0.000000
0.223525	0.776475	0.000000
0.244911	0.755089	0.000000
0.288944	0.711056	0.000000
0.272804	0.727196	0.000000
0.220698	0.779302	0.000000
0.218626	0.781374	0.000000
0.197393	0.802607	0.000000
0.240308	0.759692	0.000000
0.197976	0.802024	0.000000
0.200471	0.799529	0.000000
0.234511	0.765489	0.000000
0.296308	0.703692	0.000000
0.241568	0.758432	0.000000
0.278172	0.721828	0.000000
0.202891	0.797109	0.000000
0.218480	0.781520	0.000000
0.236003	0.763997	0.000000
0.215906	0.784094	0.000000
0.186883	0.813117	0.000000
0.248090	0.751910	0.000000
0.225366	0.774634	0.000000
0.226275	0.773725	0.000000
0.197483	0.802517	0.000000
0.229072	0.770928	0.000000
0.260622	0.739378	0.000000
0.236660	0.763340	0.000000
0.213213	0.786787	0.000000
0.223281	0.776719	0.000000
0.209843	0.790157	0.000000
0.235978	0.764022	0.000000
0.221195	0.778805	0.000000
0.264538	0.735462	0.000000
0.207558	0.792442	0.000000
0.243820	0.756180	0.000000
0.225924	0.774076	0.000000
0.228780	0.771220	0.000000
0.266714	0.733286	0.000000
0.218870	0.781130	0.000000
0.230630	0.769370	0.000000
0.236595	0.763405	0.000000
0.247046	0.752954	0.000000
0.227146	0.772854	0.000000
0.233083	0.766917	0.000000
0.199533	0.800467	0.000000
0.254060	0.745940	0.000000
0.286989	0.713011	0.000000
0.227299	0.772701	0.000000
0.205606	0.794394	0.000000
0.218597	0.781403	0.000000
0.276793	0.723207	0.000000
0.234559	0.765441	0.000000
0.221741	0.778259	0.000000
0.220824	0.779176	0.000000
0.220904	0.779096	0.000000
0.198744	0.801256	0.000000
0.242998	0.757002	0.000000
0.209481	0.790519	0.000000
0.221399	0.778601	0.000000
0.266798	0.733202	0.000000
0.222139	0.777861	0.000000
0.230115	0.769885	0.000000
0.211612	0.788388	0.000000
0.206354	0.793646	0.000000
0.225523	0.774477	0.000000
0.228566	0.771434	0.000000
0.257606	0.742394	0.000000
0.225130	0.774870	0.000000
0.254179	0.745821	0.000000
0.216786	0.783214	0.000000
0.213275	0.786725	0.000000
0.256210	0.743790	0.000000
0.257381	0.742619	0.000000
0.238393	0.761607	0.000000
0.222007	0.777993	0.000000
0.259315	0.740685	0.000000
0.254837	0.745163	0.000000
0.244069	0.755931	0.000000
0.228035	0.771965	0.000000
0.235144	0.764856	0.000000
0.231821	0.768179	0.000000
0.208029	0.791971	0.000000
0.222197	0.777803	0.000000
0.233106	0.766894	0.000000
0.261266	0.738734	0.000000
0.244090	0.755910	0.000000
0.205849	0.794151	0.000000
0.256656	0.743344	0.000000
0.234277	0.765723	0.000000
0.221165	0.778835	0.000000
0.193302	0.806698	0.000000
0.208351	0.791649	0.000000
0.256749	0.743251	0.000000
0.249557	0.750443	0.000000
0.216357	0.783643	0.000000
0.256462	0.743538	0.000000
0.218827	0.781173	0.000000
0.225563	0.774437	0.000000
0.216392	0.783608	0.000000
0.234833	0.765167	0.000000
0.245978	0.754022	0.000000
0.209896	0.790104	0.000000
0.241242	0.758758	0.000000
0.214914	0.785086	0.000000
0.245032	0.754968	0.000000
0.222336	0.777664	0.000000
0.251428	0.748572	0.000000
0.225927	0.774073	0.000000
0.249493	0.750507	0.000000
0.247491	0.752509	0.000000
0.242147	0.757853	0.000000
0.281374	0.718626	0.000000
0.230647	0.769353	0.000000
0.230343	0.769657	0.000000
0.218785	0.781215	0.000000
0.237753	0.762247	0.000000
0.241288	0.758712	0.000000
0.224018	0.775982	0.000000
0.232974	0.767026	0.000000
0.210084	0.789916	0.000000
0.219007	0.780993	0.000000
0.199204	0.800796	0.000000
0.207134	0.792866	0.000000
0.218140	0.781860	0.000000
0.187856	0.812144	0.000000
0.262016	0.737984	0.000000
0.226342	0.773658	0.000000
0.259787	0.740213	0.000000
0.223290	0.776710	0.000000
0.183549	0.816451	0.000000
0.217513	0.782487	0.000000
0.242493	0.757507	0.000000
0.227136	0.772864	0.000000
0.236131	0.763869	0.000000
0.223906	0.776094	0.000000
0.243430	0.756570	0.000000
0.259886	0.740114	0.000000
0.295923	0.704077	0.000000
0.239604	0.760396	0.000000
0.238298	0.761702	0.000000
0.223345	0.776655	0.000000
0.239679	0.760321	0.000000
0.200450	0.799550	0.000000
0.255756	0.744244	0.000000
0.243209	0.756791	0.000000
0.257419	0.742581	0.000000
0.233978	0.766022	0.000000
0.249913	0.750087	0.000000
0.231727	0.768273	0.000000
0.226888	0.773112	0.000000
0.211903	0.788097	0.000000
0.247844	0.752156	0.000000
0.266491	0.733509	0.000000
0.243050	0.756950	0.000000
0.246328	0.753672	0.000000
0.242543	0.757457	0.000000
0.230833	0.769167	0.000000
0.228440	0.771560	0.000000
0.223048	0.776952	0.000000
0.207810	0.792190	0.000000
0.240987	0.759013	0.000000
0.213361	0.786639	0.000000
0.228347	0.771653	0.000000
0.222769	0.777231	0.000000
0.213188	0.786812	0.000000
0.199372	0.800628	0.000000
0.243624	0.756376	0.000000
0.241333	0.758667	0.000000
0.188247	0.811753	0.000000
0.224856	0.775144	0.000000
0.220294	0.779706	0.000000
0.236158	0.763842	0.000000
0.236487	0.763513	0.000000
0.237587	0.762413	0.000000
0.231985	0.768015	0.000000
0.245041	0.754959	0.000000
0.268162	0.731838	0.000000
0.239857	0.760143	0.000000
0.217901	0.782099	0.000000
0.263028	0.736972	0.000000
0.218486	0.781514	0.000000
0.221389	0.778611	0.000000
0.260053	0.739947	0.000000
0.270457	0.729543	0.000000
0.200191	0.799809	0.000000
0.252623	0.747377	0.000000
0.207005	0.792995	0.000000
0.235789	0.764211	0.000000
0.224175	0.775825	0.000000
0.258192	0.741808	0.000000
0.250384	0.749616	0.000000
0.202560	0.797440	0.000000

RANDOMIZING 50-PLAYER TENNIS DATA WITH NORMAL
0.208268	0.728107	0.063624
0.202000	0.774759	0.023241
0.241619	0.726634	0.031747
0.187826	0.765870	0.046304
0.222583	0.710052	0.067365
0.192771	0.784212	0.023017
0.266396	0.712662	0.020942
0.255818	0.703019	0.041164
0.201396	0.742477	0.056127
0.216508	0.762169	0.021322
0.210689	0.757560	0.031751
0.254748	0.684288	0.060964
0.246459	0.737625	0.015916
0.284851	0.665947	0.049202
0.267218	0.707675	0.025107
0.238924	0.703480	0.057596
0.184811	0.813587	0.001601
0.216175	0.766365	0.017461
0.217183	0.765927	0.016890
0.216281	0.723789	0.059930
0.134614	0.833869	0.031517
0.186137	0.801891	0.011971
0.204453	0.696849	0.098698
0.244509	0.719578	0.035913
0.209850	0.717172	0.072978
0.243445	0.747283	0.009272
0.200166	0.781193	0.018641
0.191034	0.760754	0.048212
0.232263	0.653822	0.113915
0.164080	0.824386	0.011534
0.184131	0.798548	0.017322
0.225895	0.712603	0.061502
0.238054	0.731260	0.030686
0.196050	0.678425	0.125525
0.243541	0.676638	0.079822
0.211086	0.764000	0.024915
0.217580	0.756357	0.026063
0.178427	0.634754	0.186819
0.217227	0.730640	0.052133
0.164589	0.733286	0.102125
0.202014	0.785650	0.012336
0.255679	0.669214	0.075106
0.195351	0.800660	0.003989
0.257612	0.722723	0.019666
0.194380	0.797105	0.008516
0.194941	0.767455	0.037604
0.195857	0.759591	0.044552
0.220053	0.748273	0.031674
0.216797	0.688960	0.094244
0.236916	0.708538	0.054546
0.180840	0.706080	0.113080
0.215440	0.731265	0.053296
0.160863	0.814082	0.025055
0.253045	0.672570	0.074385
0.160791	0.828611	0.010598
0.204973	0.703180	0.091847
0.225128	0.586957	0.187915
0.211835	0.775359	0.012806
0.207518	0.779804	0.012679
0.271777	0.701811	0.026412
0.323794	0.637905	0.038301
0.176399	0.804560	0.019041
0.230551	0.767634	0.001815
0.175879	0.768507	0.055615
0.215267	0.703199	0.081534
0.202482	0.784735	0.012783
0.113490	0.848612	0.037898
0.218976	0.686678	0.094346
0.172140	0.825119	0.002741
0.248839	0.698573	0.052588
0.157147	0.799693	0.043160
0.311531	0.680745	0.007724
0.236094	0.685007	0.078899
0.215351	0.742171	0.042478
0.192257	0.796027	0.011717
0.208802	0.779258	0.011939
0.197367	0.760070	0.042563
0.167985	0.780395	0.051620
0.161614	0.834771	0.003615
0.179598	0.780027	0.040375
0.225180	0.747711	0.027110
0.296139	0.650289	0.053573
0.176694	0.805924	0.017382
0.172409	0.820964	0.006627
0.184557	0.801076	0.014367
0.193572	0.795055	0.011374
0.211129	0.770092	0.018779
0.178105	0.790064	0.031831
0.184869	0.762971	0.052159
0.213497	0.666926	0.119577
0.200946	0.756481	0.042573
0.189491	0.792259	0.018249
0.230723	0.769031	0.000247
0.250952	0.682302	0.066746
0.264711	0.578395	0.156894
0.164702	0.834544	0.000754
0.223524	0.743217	0.033260
0.179150	0.814591	0.006260
0.178181	0.803514	0.018305
0.205202	0.765460	0.029338
0.177198	0.756499	0.066304
0.189234	0.702134	0.108632
0.264524	0.690518	0.044958
0.221176	0.730431	0.048393
0.172267	0.784165	0.043569
0.215372	0.716338	0.068290
0.156186	0.814117	0.029697
0.239898	0.742668	0.017434
0.182675	0.794544	0.022781
0.147295	0.843875	0.008831
0.244071	0.696293	0.059636
0.222651	0.711145	0.066204
0.225361	0.668588	0.106051
0.248695	0.727046	0.024259
0.217071	0.734602	0.048327
0.238607	0.726406	0.034988
0.190003	0.717120	0.092877
0.172333	0.766277	0.061390
0.243930	0.637073	0.118997
0.194662	0.747960	0.057378
0.185013	0.792781	0.022206
0.174900	0.769405	0.055695
0.264234	0.714184	0.021582
0.152548	0.835728	0.011724
0.170101	0.761913	0.067986
0.189448	0.795614	0.014938
0.255037	0.591947	0.153016
0.191982	0.799078	0.008941
0.236411	0.726005	0.037583
0.358383	0.600215	0.041403
0.202764	0.788106	0.009130
0.182352	0.780142	0.037506
0.203521	0.754114	0.042365
0.272249	0.676444	0.051307
0.174572	0.748881	0.076547
0.213283	0.763879	0.022839
0.157611	0.826096	0.016293
0.216399	0.758184	0.025417
0.155175	0.835160	0.009664
0.179710	0.765038	0.055252
0.206741	0.779417	0.013842
0.188477	0.796166	0.015358
0.167107	0.719147	0.113747
0.179975	0.713380	0.106645
0.221978	0.751432	0.026590
0.178508	0.802580	0.018913
0.214866	0.564554	0.220580
0.129969	0.860684	0.009347
0.262772	0.659257	0.077971
0.224301	0.771261	0.004438
0.151147	0.836247	0.012606
0.211961	0.736521	0.051517
0.246823	0.664327	0.088850
0.281044	0.691699	0.027257
0.178213	0.784099	0.037688
0.231747	0.679661	0.088592
0.220662	0.753914	0.025424
0.246112	0.727068	0.026821
0.217939	0.708227	0.073834
0.210221	0.745821	0.043958
0.181639	0.811423	0.006939
0.158777	0.815852	0.025372
0.278813	0.677171	0.044016
0.170605	0.685864	0.143531
0.168979	0.818336	0.012685
0.141116	0.842135	0.016748
0.149646	0.848557	0.001797
0.178259	0.798240	0.023501
0.326994	0.619411	0.053595
0.225672	0.749933	0.024395
0.207425	0.744371	0.048204
0.198289	0.784720	0.016991
0.215873	0.736493	0.047634
0.266143	0.694174	0.039682
0.244587	0.691355	0.064058
0.152550	0.836875	0.010575
0.149260	0.844114	0.006626
0.199901	0.752179	0.047921
0.171962	0.717707	0.110331
0.160896	0.793264	0.045840
0.188199	0.774471	0.037330
0.210158	0.716746	0.073096
0.183042	0.700094	0.116864
0.231023	0.719994	0.048983
0.237645	0.756411	0.005945
0.238873	0.623703	0.137425
0.195749	0.790140	0.014110
0.180506	0.817019	0.002475
0.217867	0.726383	0.055750
0.222121	0.706283	0.071597
0.204928	0.714877	0.080195
0.283261	0.619347	0.097392
0.255910	0.734787	0.009303
0.181096	0.782885	0.036019
0.200891	0.776598	0.022511
0.181288	0.754497	0.064214
0.184749	0.814326	0.000926
0.185300	0.796084	0.018615
0.243615	0.737413	0.018972
0.193744	0.799914	0.006342
0.196734	0.782257	0.021009
