numPlayers: 90

          (not normalized)    (normalized)

UNIFORM
Gradient: 10.599301624231124  0.6992101332913538
Curl:     4.851295039918259   0.320028127489295
Harmonic: 9.690920893872867   0.6392864671791378

SETS
Gradient: 4.567362532067513   0.7056281710269048
Curl:     2.4168548602890936  0.3733885503350427
Harmonic: 3.8980312373953705  0.6022207857023205

GAMES
Gradient: 0.5058410384605172  0.7004544545587201
Curl:     0.42659341488453517 0.5907177058047497
Harmonic: 0.2892398996548804  0.40051984861879064

TOURNEY
Gradient: 349.2928554294841   0.6414303450489124
Curl:     229.96777771496363  0.42230554881652865
Harmonic: 348.7798081215981   0.6404882012099863
